NAME	= DEM
DESCRIPTION	= 
UNIT	= 
DATAFORMAT	= FLOAT
DATAFILE_OFFSET	= 0
BYTEORDER_BIG	= FALSE
TOPTOBOTTOM	= FALSE
POSITION_XMIN	= 70.1658029999999968
POSITION_YMIN	= 9.4120170000000023
CELLCOUNT_X	= 4920
CELLCOUNT_Y	= 5177
CELLSIZE	= 0.0050000000000000
Z_FACTOR	= 1.000000
Z_OFFSET	= 0.000000
NODATA_VALUE	= -99999.000000;-99999.000000
